UNI;4009;TUTTO IL PORTAFOGLIO;NULL;02;01;2019-02-22;KO;NESSUNA AGGREGAZIONE;PUG16;50005409057;1;2009-09-02;Netto: 200000.00 200000.00 Provv: 2000.00 5750.00
UNI;4009;TUTTO IL PORTAFOGLIO;NULL;02;01;2019-02-22;KO;NESSUNA AGGREGAZIONE;PUG16;50005409099;1;2009-09-02;Netto: 635000.00 635000.00 Provv: 6350.00 10700.00
UNI;4009;TUTTO IL PORTAFOGLIO;NULL;02;01;2019-02-22;KO;NESSUNA AGGREGAZIONE;PUG16;50006060229;1;2010-06-05;Netto: 3200.00 3200.00 Provv: 0.00 96.00
UNI;4009;TUTTO IL PORTAFOGLIO;NULL;02;01;2019-02-22;KO;NESSUNA AGGREGAZIONE;PUG16;50006061293;1;2010-06-05;Netto: 3000.00 3000.00 Provv: 0.00 90.00
UNI;4009;TUTTO IL PORTAFOGLIO;NULL;02;01;2019-02-22;KO;NESSUNA AGGREGAZIONE;PUG16;50006061519;1;2010-06-07;Netto: 5000.00 5000.00 Provv: 0.00 150.00
UNI;4009;TUTTO IL PORTAFOGLIO;NULL;02;01;2019-02-22;KO;NESSUNA AGGREGAZIONE;PUG16;50006065312;1;2010-06-08;Netto: 5000.00 5000.00 Provv: 0.00 150.00
UNI;4009;TUTTO IL PORTAFOGLIO;NULL;02;01;2019-02-22;KO;NESSUNA AGGREGAZIONE;PUG16;50006093599;1;2010-06-18;Netto: 2500.00 2500.00 Provv: 0.00 75.00
UNI;4009;TUTTO IL PORTAFOGLIO;NULL;02;1 ;2019-02-22;KO;NESSUNA AGGREGAZIONE;PFC10;50011546595;1;2017-02-01;Netto: 1586.31 1586.31 Provv: 31.72 31.02
UNI;4009;TUTTO IL PORTAFOGLIO;NULL;02;1 ;2019-02-22;KO;NESSUNA AGGREGAZIONE;PFC11;50012038622;1;2017-09-25;Netto: 3932.52 3932.52 Provv: 117.98 58.99
UNI;4009;TUTTO IL PORTAFOGLIO;NULL;02;1 ;2019-02-22;KO;NESSUNA AGGREGAZIONE;PFC11;50012044183;1;2017-10-16;Netto: 4955.41 4955.41 Provv: 148.66 74.33
UNI;4009;TUTTO IL PORTAFOGLIO;NULL;02;1 ;2019-02-22;KO;NESSUNA AGGREGAZIONE;PFC11;50012044215;1;2017-09-25;Netto: 9902.30 9902.30 Provv: 297.06 148.53
UNI;4009;TUTTO IL PORTAFOGLIO;NULL;02;1 ;2019-02-22;KO;NESSUNA AGGREGAZIONE;PFC11;50012048401;1;2017-10-11;Netto: 29706.96 29706.96 Provv: 891.20 445.60
UNI;4009;TUTTO IL PORTAFOGLIO;NULL;02;1 ;2019-02-22;KO;NESSUNA AGGREGAZIONE;PFC11;50012048464;1;2017-10-24;Netto: 19803.88 19803.88 Provv: 594.12 297.06
UNI;4009;TUTTO IL PORTAFOGLIO;NULL;02;1 ;2019-02-22;KO;NESSUNA AGGREGAZIONE;PFC11;50012062676;1;2017-08-01;Netto: 69327.22 69327.22 Provv: 2079.82 1039.91
UNI;4009;TUTTO IL PORTAFOGLIO;NULL;02;1 ;2019-02-22;KO;NESSUNA AGGREGAZIONE;PFC11;50012069964;1;2017-08-01;Netto: 89135.09 89135.09 Provv: 2674.06 1337.03
UNI;4009;TUTTO IL PORTAFOGLIO;NULL;02;1 ;2019-02-22;KO;NESSUNA AGGREGAZIONE;PFC11;50012084370;1;2017-08-01;Netto: 69327.25 69327.25 Provv: 2079.82 1039.91
UNI;4009;TUTTO IL PORTAFOGLIO;NULL;02;1 ;2019-02-22;KO;NESSUNA AGGREGAZIONE;PFC11;50012097152;1;2017-08-01;Netto: 60416.16 60416.16 Provv: 1812.48 906.24
UNI;4009;TUTTO IL PORTAFOGLIO;NULL;02;1 ;2019-02-22;KO;NESSUNA AGGREGAZIONE;PFC11;50012131495;1;2017-08-01;Netto: 49519.47 49519.47 Provv: 1485.58 742.79
UNI;4009;TUTTO IL PORTAFOGLIO;NULL;02;1 ;2019-02-22;KO;NESSUNA AGGREGAZIONE;PFC11;50012182182;1;2017-08-23;Netto: 91000.00 91000.00 Provv: 2730.00 1365.00
UNI;4009;TUTTO IL PORTAFOGLIO;NULL;02;1 ;2019-02-22;KO;NESSUNA AGGREGAZIONE;PFC11;50012277781;1;2017-10-01;Netto: 80000.00 80000.00 Provv: 2400.00 1200.00
UNI;4009;TUTTO IL PORTAFOGLIO;NULL;02;1 ;2019-02-22;KO;NESSUNA AGGREGAZIONE;PFC11;50012278746;1;2017-09-06;Netto: 99042.86 99042.86 Provv: 2971.28 1485.64
UNI;4009;TUTTO IL PORTAFOGLIO;NULL;02;1 ;2019-02-22;KO;NESSUNA AGGREGAZIONE;PFC11;50012301972;1;2017-10-09;Netto: 86318.53 86318.53 Provv: 2589.56 1294.78
UNI;4009;TUTTO IL PORTAFOGLIO;NULL;02;1 ;2019-02-22;KO;NESSUNA AGGREGAZIONE;PFC11;50012308556;1;2017-10-23;Netto: 29504.86 29504.86 Provv: 885.14 442.57
UNI;4009;TUTTO IL PORTAFOGLIO;NULL;02;1 ;2019-02-22;KO;NESSUNA AGGREGAZIONE;PFC11;50012322451;1;2017-10-23;Netto: 14737.50 14737.50 Provv: 442.12 221.06
UNI;4009;TUTTO IL PORTAFOGLIO;NULL;02;1 ;2019-02-22;KO;NESSUNA AGGREGAZIONE;PFC11;50012322944;1;2017-10-26;Netto: 10000.00 10000.00 Provv: 300.00 150.00
UNI;4009;TUTTO IL PORTAFOGLIO;NULL;02;1 ;2019-02-22;KO;NESSUNA AGGREGAZIONE;PFC11;50012341216;1;2017-10-25;Netto: 11045.82 11045.82 Provv: 331.38 165.69
UNI;4009;TUTTO IL PORTAFOGLIO;NULL;02;1 ;2019-02-22;KO;NESSUNA AGGREGAZIONE;PFC11;50012357958;1;2017-10-25;Netto: 12276.32 12276.32 Provv: 368.28 184.14
UNI;4009;TUTTO IL PORTAFOGLIO;NULL;02;1 ;2019-02-22;KO;NESSUNA AGGREGAZIONE;PFC11;50012377297;1;2017-10-23;Netto: 13974.98 13974.98 Provv: 419.24 209.62
UNI;4009;TUTTO IL PORTAFOGLIO;NULL;02;1 ;2019-02-22;KO;NESSUNA AGGREGAZIONE;PFC11;50012398871;1;2017-10-26;Netto: 9000.00 9000.00 Provv: 270.00 135.00
UNI;4009;TUTTO IL PORTAFOGLIO;NULL;02;1 ;2019-02-22;KO;NESSUNA AGGREGAZIONE;PFC11;50012402355;1;2017-10-27;Netto: 6409.12 6409.12 Provv: 192.28 96.14
UNI;4009;TUTTO IL PORTAFOGLIO;NULL;02;1 ;2019-02-22;KO;NESSUNA AGGREGAZIONE;PFC11;50012404555;1;2017-10-28;Netto: 35000.00 35000.00 Provv: 1050.00 525.00
UNI;4009;TUTTO IL PORTAFOGLIO;NULL;02;1 ;2019-02-22;KO;NESSUNA AGGREGAZIONE;PFC11;50012404687;1;2017-10-28;Netto: 15000.00 15000.00 Provv: 450.00 225.00
UNI;4009;TUTTO IL PORTAFOGLIO;NULL;02;1 ;2019-02-22;KO;NESSUNA AGGREGAZIONE;PFC11;50012406571;1;2017-10-28;Netto: 6392.78 6392.78 Provv: 191.78 95.89
UNI;4009;TUTTO IL PORTAFOGLIO;NULL;02;1 ;2019-02-22;KO;NESSUNA AGGREGAZIONE;PFC11;50012461270;1;2017-12-01;Netto: 10335.00 10335.00 Provv: 310.06 155.03
UNI;4009;TUTTO IL PORTAFOGLIO;NULL;02;1 ;2019-02-22;KO;NESSUNA AGGREGAZIONE;PFC11;50012461956;1;2017-12-02;Netto: 7500.00 7500.00 Provv: 225.00 112.50
UNI;4009;TUTTO IL PORTAFOGLIO;NULL;02;1 ;2019-02-22;KO;NESSUNA AGGREGAZIONE;PFC11;50012462218;1;2017-12-02;Netto: 3146.85 3146.85 Provv: 94.40 47.20
UNI;4009;TUTTO IL PORTAFOGLIO;NULL;02;1 ;2019-02-22;KO;NESSUNA AGGREGAZIONE;PFC11;50012463215;1;2017-12-02;Netto: 31636.00 31636.00 Provv: 949.08 474.54
UNI;4009;TUTTO IL PORTAFOGLIO;NULL;02;1 ;2019-02-22;KO;NESSUNA AGGREGAZIONE;PFC11;50012472133;1;2017-12-20;Netto: 3042.03 3042.03 Provv: 91.26 45.63
UNI;4009;TUTTO IL PORTAFOGLIO;NULL;02;1 ;2019-02-22;KO;NESSUNA AGGREGAZIONE;PFCF1;50012383501;1;2017-10-19;Netto: 3000.00 3000.00 Provv: 90.00 45.00
UNI;4009;TUTTO IL PORTAFOGLIO;NULL;02;1 ;2019-02-22;KO;NESSUNA AGGREGAZIONE;PFCF1;50012390240;1;2017-10-23;Netto: 15000.00 15000.00 Provv: 450.00 225.00
UNI;4009;TUTTO IL PORTAFOGLIO;NULL;02;1 ;2019-02-22;KO;NESSUNA AGGREGAZIONE;PFCF4;50008708328;1;2013-04-18;Netto: 7741.07 7741.07 Provv: 154.82 154.82
UNI;4009;TUTTO IL PORTAFOGLIO;NULL;02;1 ;2019-02-22;KO;NESSUNA AGGREGAZIONE;PFCF4;50009758725;1;2015-01-10;Netto: 240461.95 240461.95 Provv: 4809.24 2404.62
UNI;4009;TUTTO IL PORTAFOGLIO;NULL;02;1 ;2019-02-22;KO;NESSUNA AGGREGAZIONE;PFCF4;50009886688;1;2015-03-05;Netto: 136160.76 136160.76 Provv: 2723.22 1361.61
UNI;4009;TUTTO IL PORTAFOGLIO;NULL;02;1 ;2019-02-22;KO;NESSUNA AGGREGAZIONE;PFCF8;50010888475;1;2016-04-28;Netto: 94000.00 94000.00 Provv: 1880.00 940.00
UNI;4009;TUTTO IL PORTAFOGLIO;NULL;02;1 ;2019-02-22;KO;NESSUNA AGGREGAZIONE;PFDC1;5906500008;1;2000-09-19;Netto: 5152195.00 5152195.00 Provv: 101022.00 0.00
UNI;4009;TUTTO IL PORTAFOGLIO;NULL;02;1 ;2019-02-22;KO;NESSUNA AGGREGAZIONE;PFDC1;6702100029;1;2000-07-22;Netto: 4878048.00 4878048.00 Provv: 98280.00 0.00
UNI;4009;TUTTO IL PORTAFOGLIO;NULL;02;1 ;2019-02-22;KO;NESSUNA AGGREGAZIONE;PFDC1;6912800007;1;2000-07-18;Netto: 4878048.00 4878048.00 Provv: 98280.00 0.00
UNI;4009;TUTTO IL PORTAFOGLIO;NULL;02;1 ;2019-02-22;KO;NESSUNA AGGREGAZIONE;PFDC1;95535500139;1;1999-12-01;Netto: 4878048.00 4878048.00 Provv: 98280.00 0.00
UNI;4009;TUTTO IL PORTAFOGLIO;NULL;02;1 ;2019-02-22;KO;NESSUNA AGGREGAZIONE;PFDC1;95535500347;1;1999-12-22;Netto: 5146341.00 5146341.00 Provv: 100963.00 0.00
UNI;4009;TUTTO IL PORTAFOGLIO;NULL;02;1 ;2019-02-22;KO;NESSUNA AGGREGAZIONE;PFDC1;95535500418;1;1999-12-27;Netto: 9756097.00 9756097.00 Provv: 147061.00 0.00
UNI;4009;TUTTO IL PORTAFOGLIO;NULL;02;1 ;2019-02-22;KO;NESSUNA AGGREGAZIONE;PFDC1;95535500630;1;2000-01-26;Netto: 15357073.00 15357073.00 Provv: 203071.00 0.00
UNI;4009;TUTTO IL PORTAFOGLIO;NULL;02;1 ;2019-02-22;KO;NESSUNA AGGREGAZIONE;PFDC1;95535500744;1;2000-02-01;Netto: 25609756.00 25609756.00 Provv: 305598.00 0.00
UNI;4009;TUTTO IL PORTAFOGLIO;NULL;02;1 ;2019-02-22;KO;NESSUNA AGGREGAZIONE;PFDC1;95535500768;1;2000-02-04;Netto: 4878048.00 4878048.00 Provv: 98280.00 0.00
UNI;4009;TUTTO IL PORTAFOGLIO;NULL;02;1 ;2019-02-22;KO;NESSUNA AGGREGAZIONE;PFDC1;95535500870;1;2000-02-22;Netto: 9756097.00 9756097.00 Provv: 147061.00 0.00
UNI;4009;TUTTO IL PORTAFOGLIO;NULL;02;1 ;2019-02-22;KO;NESSUNA AGGREGAZIONE;PFDC1;95535500945;1;2000-03-25;Netto: 4878048.00 4878048.00 Provv: 98280.00 0.00
UNI;4009;TUTTO IL PORTAFOGLIO;NULL;02;1 ;2019-02-22;KO;NESSUNA AGGREGAZIONE;PFDC1;95535500946;1;2000-03-25;Netto: 4878048.00 4878048.00 Provv: 98280.00 0.00
UNI;4009;TUTTO IL PORTAFOGLIO;NULL;02;1 ;2019-02-22;KO;NESSUNA AGGREGAZIONE;PFDC1;95535501041;1;2000-03-01;Netto: 5102439.00 5102439.00 Provv: 100524.00 0.00
UNI;4009;TUTTO IL PORTAFOGLIO;NULL;02;1 ;2019-02-22;KO;NESSUNA AGGREGAZIONE;PFDC1;95535501110;1;2000-04-01;Netto: 4878048.00 4878048.00 Provv: 98280.00 0.00
UNI;4009;TUTTO IL PORTAFOGLIO;NULL;02;1 ;2019-02-22;KO;NESSUNA AGGREGAZIONE;PFDC1;95535501336;1;2000-06-01;Netto: 4878048.00 4878048.00 Provv: 98280.00 0.00
UNI;4009;TUTTO IL PORTAFOGLIO;NULL;02;1 ;2019-02-22;KO;NESSUNA AGGREGAZIONE;PFDC2;95535500028;1;1999-12-16;Netto: 4878048.00 4878048.00 Provv: 50000.00 0.00
UNI;4009;TUTTO IL PORTAFOGLIO;NULL;02;1 ;2019-02-22;KO;NESSUNA AGGREGAZIONE;PFDC2;95535500042;1;1999-12-17;Netto: 4878048.00 4878048.00 Provv: 50000.00 0.00
UNI;4009;TUTTO IL PORTAFOGLIO;NULL;02;1 ;2019-02-22;KO;NESSUNA AGGREGAZIONE;PFDC2;95535500056;1;1999-12-17;Netto: 4878048.00 4878048.00 Provv: 50000.00 0.00
UNI;4009;TUTTO IL PORTAFOGLIO;NULL;02;1 ;2019-02-22;KO;NESSUNA AGGREGAZIONE;PFDC2;95535500089;1;1999-12-10;Netto: 5106341.00 5106341.00 Provv: 50000.00 0.00
UNI;4009;TUTTO IL PORTAFOGLIO;NULL;02;1 ;2019-02-22;KO;NESSUNA AGGREGAZIONE;PFDC2;95535500096;1;1999-12-11;Netto: 5121951.00 5121951.00 Provv: 50000.00 0.00
UNI;4009;TUTTO IL PORTAFOGLIO;NULL;02;1 ;2019-02-22;KO;NESSUNA AGGREGAZIONE;PFDC2;95535500128;1;1999-12-06;Netto: 9756097.00 9756097.00 Provv: 50000.00 0.00
UNI;4009;TUTTO IL PORTAFOGLIO;NULL;02;1 ;2019-02-22;KO;NESSUNA AGGREGAZIONE;PFDC2;95535500131;1;1999-11-26;Netto: 5258536.00 5258536.00 Provv: 50000.00 0.00
UNI;4009;TUTTO IL PORTAFOGLIO;NULL;02;1 ;2019-02-22;KO;NESSUNA AGGREGAZIONE;PFDC2;95535500161;1;1999-12-14;Netto: 9756097.00 9756097.00 Provv: 50000.00 0.00
UNI;4009;TUTTO IL PORTAFOGLIO;NULL;02;1 ;2019-02-22;KO;NESSUNA AGGREGAZIONE;PFDC2;95535500170;1;1999-12-17;Netto: 4878048.00 4878048.00 Provv: 50000.00 0.00
UNI;4009;TUTTO IL PORTAFOGLIO;NULL;02;1 ;2019-02-22;KO;NESSUNA AGGREGAZIONE;PFDC2;95535500190;1;1999-12-18;Netto: 4878048.00 4878048.00 Provv: 50000.00 0.00
UNI;4009;TUTTO IL PORTAFOGLIO;NULL;02;1 ;2019-02-22;KO;NESSUNA AGGREGAZIONE;PFDC2;95535500205;1;1999-12-17;Netto: 9756097.00 9756097.00 Provv: 50000.00 0.00
UNI;4009;TUTTO IL PORTAFOGLIO;NULL;02;1 ;2019-02-22;KO;NESSUNA AGGREGAZIONE;PFDC2;95535500211;1;1999-12-18;Netto: 4878048.00 4878048.00 Provv: 50000.00 0.00
UNI;4009;TUTTO IL PORTAFOGLIO;NULL;02;1 ;2019-02-22;KO;NESSUNA AGGREGAZIONE;PFDC2;95535500227;1;1999-12-18;Netto: 4878048.00 4878048.00 Provv: 50000.00 0.00
UNI;4009;TUTTO IL PORTAFOGLIO;NULL;02;1 ;2019-02-22;KO;NESSUNA AGGREGAZIONE;PFDC2;95535500317;1;1999-12-28;Netto: 4878048.00 4878048.00 Provv: 50000.00 0.00
UNI;4009;TUTTO IL PORTAFOGLIO;NULL;02;1 ;2019-02-22;KO;NESSUNA AGGREGAZIONE;PFDC2;95535500349;1;1999-12-16;Netto: 4878048.00 4878048.00 Provv: 50000.00 0.00
UNI;4009;TUTTO IL PORTAFOGLIO;NULL;02;1 ;2019-02-22;KO;NESSUNA AGGREGAZIONE;PFDC2;95535500399;1;1999-12-29;Netto: 4878048.00 4878048.00 Provv: 50000.00 0.00
UNI;4009;TUTTO IL PORTAFOGLIO;NULL;02;1 ;2019-02-22;KO;NESSUNA AGGREGAZIONE;PFDC2;95535500443;1;1999-12-17;Netto: 5853658.00 5853658.00 Provv: 50000.00 0.00
UNI;4009;TUTTO IL PORTAFOGLIO;NULL;02;1 ;2019-02-22;KO;NESSUNA AGGREGAZIONE;PFDC2;95535500482;1;1999-12-18;Netto: 4878048.00 4878048.00 Provv: 50000.00 0.00
UNI;4009;TUTTO IL PORTAFOGLIO;NULL;02;1 ;2019-02-22;KO;NESSUNA AGGREGAZIONE;PFDC2;95535500506;1;1999-12-18;Netto: 5121951.00 5121951.00 Provv: 50000.00 0.00
UNI;4009;TUTTO IL PORTAFOGLIO;NULL;02;1 ;2019-02-22;KO;NESSUNA AGGREGAZIONE;PFDC2;95535500509;1;1999-12-18;Netto: 5258536.00 5258536.00 Provv: 50000.00 0.00
UNI;4009;TUTTO IL PORTAFOGLIO;NULL;02;1 ;2019-02-22;KO;NESSUNA AGGREGAZIONE;PFDC2;95535500581;1;1999-12-22;Netto: 24390243.00 24390243.00 Provv: 50000.00 0.00
UNI;4009;TUTTO IL PORTAFOGLIO;NULL;02;1 ;2019-02-22;KO;NESSUNA AGGREGAZIONE;PFDC2;95535500602;1;1999-12-18;Netto: 6300487.00 6300487.00 Provv: 50000.00 0.00
UNI;4009;TUTTO IL PORTAFOGLIO;NULL;02;1 ;2019-02-22;KO;NESSUNA AGGREGAZIONE;PFDC2;95535500613;1;1999-12-30;Netto: 4878048.00 4878048.00 Provv: 50000.00 0.00
UNI;4009;TUTTO IL PORTAFOGLIO;NULL;02;1 ;2019-02-22;KO;NESSUNA AGGREGAZIONE;PFDC2;95535500618;1;2000-01-04;Netto: 4878048.00 4878048.00 Provv: 50000.00 0.00
UNI;4009;TUTTO IL PORTAFOGLIO;NULL;02;1 ;2019-02-22;KO;NESSUNA AGGREGAZIONE;PFDC2;95535500652;1;2000-01-29;Netto: 10243902.00 10243902.00 Provv: 50000.00 0.00
UNI;4009;TUTTO IL PORTAFOGLIO;NULL;02;1 ;2019-02-22;KO;NESSUNA AGGREGAZIONE;PFDC2;95535500702;1;2000-01-15;Netto: 6341463.00 6341463.00 Provv: 50000.00 0.00
UNI;4009;TUTTO IL PORTAFOGLIO;NULL;02;1 ;2019-02-22;KO;NESSUNA AGGREGAZIONE;PFDC2;95535500728;1;2000-01-26;Netto: 14634146.00 14634146.00 Provv: 50000.00 0.00
UNI;4009;TUTTO IL PORTAFOGLIO;NULL;02;1 ;2019-02-22;KO;NESSUNA AGGREGAZIONE;PFDC2;95535500823;1;2000-02-23;Netto: 4878048.00 4878048.00 Provv: 50000.00 0.00
UNI;4009;TUTTO IL PORTAFOGLIO;NULL;02;1 ;2019-02-22;KO;NESSUNA AGGREGAZIONE;PFDC2;95535500833;1;2000-02-23;Netto: 9756097.00 9756097.00 Provv: 50000.00 0.00
UNI;4009;TUTTO IL PORTAFOGLIO;NULL;02;1 ;2019-02-22;KO;NESSUNA AGGREGAZIONE;PFDF6;50010219167;1;2017-10-11;Netto: 54526.00 54526.00 Provv: 545.26 272.63
UNI;4009;TUTTO IL PORTAFOGLIO;NULL;02;1 ;2019-02-22;KO;NESSUNA AGGREGAZIONE;PFU01;2007;1;1999-07-16;Netto: 4878048.00 4878048.00 Provv: 170701.00 0.00
UNI;4009;TUTTO IL PORTAFOGLIO;NULL;02;1 ;2019-02-22;KO;NESSUNA AGGREGAZIONE;PFU01;5006;1;1999-06-26;Netto: 9756097.00 9756097.00 Provv: 292652.00 0.00
UNI;4009;TUTTO IL PORTAFOGLIO;NULL;02;1 ;2019-02-22;KO;NESSUNA AGGREGAZIONE;PFU01;5030;1;1999-08-04;Netto: 9756097.00 9756097.00 Provv: 292652.00 0.00
UNI;4009;TUTTO IL PORTAFOGLIO;NULL;02;1 ;2019-02-22;KO;NESSUNA AGGREGAZIONE;PFU01;6014;1;1999-06-26;Netto: 4878048.00 4878048.00 Provv: 170701.00 0.00
UNI;4009;TUTTO IL PORTAFOGLIO;NULL;02;1 ;2019-02-22;KO;NESSUNA AGGREGAZIONE;PFU01;6015;1;1999-06-26;Netto: 4878048.00 4878048.00 Provv: 170701.00 0.00
UNI;4009;TUTTO IL PORTAFOGLIO;NULL;02;1 ;2019-02-22;KO;NESSUNA AGGREGAZIONE;PFU01;6052;1;1999-09-20;Netto: 4878048.00 4878048.00 Provv: 170701.00 0.00
UNI;4009;TUTTO IL PORTAFOGLIO;NULL;02;1 ;2019-02-22;KO;NESSUNA AGGREGAZIONE;PFU01;6053;1;1999-09-20;Netto: 4878048.00 4878048.00 Provv: 170701.00 0.00
UNI;4009;TUTTO IL PORTAFOGLIO;NULL;02;1 ;2019-02-22;KO;NESSUNA AGGREGAZIONE;PFU01;7001;1;1999-06-16;Netto: 4878048.00 4878048.00 Provv: 170701.00 0.00
UNI;4009;TUTTO IL PORTAFOGLIO;NULL;02;1 ;2019-02-22;KO;NESSUNA AGGREGAZIONE;PFU01;7025;1;1999-08-14;Netto: 4878048.00 4878048.00 Provv: 170701.00 0.00
UNI;4009;TUTTO IL PORTAFOGLIO;NULL;02;1 ;2019-02-22;KO;NESSUNA AGGREGAZIONE;PFU01;8002;1;1999-06-17;Netto: 4878048.00 4878048.00 Provv: 170701.00 0.00
UNI;4009;TUTTO IL PORTAFOGLIO;NULL;02;1 ;2019-02-22;KO;NESSUNA AGGREGAZIONE;PFU01;8005;1;1999-06-23;Netto: 4878048.00 4878048.00 Provv: 170701.00 0.00
UNI;4009;TUTTO IL PORTAFOGLIO;NULL;02;1 ;2019-02-22;KO;NESSUNA AGGREGAZIONE;PFU01;8006;1;1999-06-25;Netto: 4878048.00 4878048.00 Provv: 170701.00 0.00
UNI;4009;TUTTO IL PORTAFOGLIO;NULL;02;1 ;2019-02-22;KO;NESSUNA AGGREGAZIONE;PFU01;8007;1;1999-06-25;Netto: 4878048.00 4878048.00 Provv: 170701.00 0.00
UNI;4009;TUTTO IL PORTAFOGLIO;NULL;02;1 ;2019-02-22;KO;NESSUNA AGGREGAZIONE;PFU01;8008;1;1999-06-28;Netto: 4878048.00 4878048.00 Provv: 170701.00 0.00
UNI;4009;TUTTO IL PORTAFOGLIO;NULL;02;1 ;2019-02-22;KO;NESSUNA AGGREGAZIONE;PFU01;8012;1;1999-07-03;Netto: 4878048.00 4878048.00 Provv: 170701.00 0.00
UNI;4009;TUTTO IL PORTAFOGLIO;NULL;02;1 ;2019-02-22;KO;NESSUNA AGGREGAZIONE;PFU01;8015;1;1999-07-07;Netto: 4878048.00 4878048.00 Provv: 170701.00 0.00
UNI;4009;TUTTO IL PORTAFOGLIO;NULL;02;1 ;2019-02-22;KO;NESSUNA AGGREGAZIONE;PFU01;9005;1;1999-07-09;Netto: 14634146.00 14634146.00 Provv: 414604.00 0.00
UNI;4009;TUTTO IL PORTAFOGLIO;NULL;02;1 ;2019-02-22;KO;NESSUNA AGGREGAZIONE;PFU01;9012;1;1999-07-28;Netto: 9756097.00 9756097.00 Provv: 292652.00 0.00
UNI;4009;TUTTO IL PORTAFOGLIO;NULL;02;1 ;2019-02-22;KO;NESSUNA AGGREGAZIONE;PFU01;9019;1;1999-09-03;Netto: 4878048.00 4878048.00 Provv: 170701.00 0.00
UNI;4009;TUTTO IL PORTAFOGLIO;NULL;02;1 ;2019-02-22;KO;NESSUNA AGGREGAZIONE;PFU01;11003;1;1999-06-24;Netto: 4878048.00 4878048.00 Provv: 170701.00 0.00
UNI;4009;TUTTO IL PORTAFOGLIO;NULL;02;1 ;2019-02-22;KO;NESSUNA AGGREGAZIONE;PFU01;12002;1;1999-06-24;Netto: 4878048.00 4878048.00 Provv: 170701.00 0.00
UNI;4009;TUTTO IL PORTAFOGLIO;NULL;02;1 ;2019-02-22;KO;NESSUNA AGGREGAZIONE;PFU01;12008;1;1999-07-10;Netto: 4878048.00 4878048.00 Provv: 170701.00 0.00
UNI;4009;TUTTO IL PORTAFOGLIO;NULL;02;1 ;2019-02-22;KO;NESSUNA AGGREGAZIONE;PFU01;12013;1;1999-07-19;Netto: 9756097.00 9756097.00 Provv: 292652.00 0.00
UNI;4009;TUTTO IL PORTAFOGLIO;NULL;02;1 ;2019-02-22;KO;NESSUNA AGGREGAZIONE;PFU01;12016;1;1999-07-22;Netto: 4878048.00 4878048.00 Provv: 170701.00 0.00
UNI;4009;TUTTO IL PORTAFOGLIO;NULL;02;1 ;2019-02-22;KO;NESSUNA AGGREGAZIONE;PFU01;12021;1;1999-08-13;Netto: 4878048.00 4878048.00 Provv: 170701.00 0.00
UNI;4009;TUTTO IL PORTAFOGLIO;NULL;02;1 ;2019-02-22;KO;NESSUNA AGGREGAZIONE;PFU01;12022;1;1999-08-16;Netto: 4878048.00 4878048.00 Provv: 170701.00 0.00
UNI;4009;TUTTO IL PORTAFOGLIO;NULL;02;1 ;2019-02-22;KO;NESSUNA AGGREGAZIONE;PFU01;15013;1;1999-07-19;Netto: 9756097.00 9756097.00 Provv: 292652.00 0.00
UNI;4009;TUTTO IL PORTAFOGLIO;NULL;02;1 ;2019-02-22;KO;NESSUNA AGGREGAZIONE;PFU01;16015;1;1999-07-23;Netto: 4878048.00 4878048.00 Provv: 170701.00 0.00
UNI;4009;TUTTO IL PORTAFOGLIO;NULL;02;1 ;2019-02-22;KO;NESSUNA AGGREGAZIONE;PFU01;16025;1;1999-08-04;Netto: 5853658.00 5853658.00 Provv: 195091.00 0.00
UNI;4009;TUTTO IL PORTAFOGLIO;NULL;02;1 ;2019-02-22;KO;NESSUNA AGGREGAZIONE;PFU01;16028;1;1999-08-09;Netto: 12195121.00 12195121.00 Provv: 353628.00 0.00
UNI;4009;TUTTO IL PORTAFOGLIO;NULL;02;1 ;2019-02-22;KO;NESSUNA AGGREGAZIONE;PFU01;16030;1;1999-08-09;Netto: 4878048.00 4878048.00 Provv: 170701.00 0.00
UNI;4009;TUTTO IL PORTAFOGLIO;NULL;02;1 ;2019-02-22;KO;NESSUNA AGGREGAZIONE;PFU01;16032;1;1999-08-18;Netto: 9756097.00 9756097.00 Provv: 292652.00 0.00
UNI;4009;TUTTO IL PORTAFOGLIO;NULL;02;1 ;2019-02-22;KO;NESSUNA AGGREGAZIONE;PFU01;16034;1;1999-09-20;Netto: 14634146.00 14634146.00 Provv: 414604.00 0.00
UNI;4009;TUTTO IL PORTAFOGLIO;NULL;02;1 ;2019-02-22;KO;NESSUNA AGGREGAZIONE;PFU01;20015;1;1999-09-11;Netto: 9756097.00 9756097.00 Provv: 292652.00 0.00
UNI;4009;TUTTO IL PORTAFOGLIO;NULL;02;1 ;2019-02-22;KO;NESSUNA AGGREGAZIONE;PFU01;20017;1;1999-09-16;Netto: 14634146.00 14634146.00 Provv: 414604.00 0.00
UNI;4009;TUTTO IL PORTAFOGLIO;NULL;02;1 ;2019-02-22;KO;NESSUNA AGGREGAZIONE;PFU01;21004;1;1999-07-27;Netto: 9756097.00 9756097.00 Provv: 292652.00 0.00
UNI;4009;TUTTO IL PORTAFOGLIO;NULL;02;1 ;2019-02-22;KO;NESSUNA AGGREGAZIONE;PFU01;21017;1;1999-07-31;Netto: 4878048.00 4878048.00 Provv: 170701.00 0.00
UNI;4009;TUTTO IL PORTAFOGLIO;NULL;02;1 ;2019-02-22;KO;NESSUNA AGGREGAZIONE;PFU01;21023;1;1999-08-04;Netto: 19512195.00 19512195.00 Provv: 536555.00 0.00
UNI;4009;TUTTO IL PORTAFOGLIO;NULL;02;1 ;2019-02-22;KO;NESSUNA AGGREGAZIONE;PFU01;21024;1;1999-08-05;Netto: 9756097.00 9756097.00 Provv: 292652.00 0.00
UNI;4009;TUTTO IL PORTAFOGLIO;NULL;02;1 ;2019-02-22;KO;NESSUNA AGGREGAZIONE;PFU01;21031;1;1999-08-09;Netto: 29268292.00 29268292.00 Provv: 780457.00 0.00
UNI;4009;TUTTO IL PORTAFOGLIO;NULL;02;1 ;2019-02-22;KO;NESSUNA AGGREGAZIONE;PFU01;21033;1;1999-08-09;Netto: 9756097.00 9756097.00 Provv: 292652.00 0.00
UNI;4009;TUTTO IL PORTAFOGLIO;NULL;02;1 ;2019-02-22;KO;NESSUNA AGGREGAZIONE;PFU01;21034;1;1999-08-10;Netto: 29268292.00 29268292.00 Provv: 780457.00 0.00
UNI;4009;TUTTO IL PORTAFOGLIO;NULL;02;1 ;2019-02-22;KO;NESSUNA AGGREGAZIONE;PFU01;21037;1;1999-08-14;Netto: 9756097.00 9756097.00 Provv: 292652.00 0.00
UNI;4009;TUTTO IL PORTAFOGLIO;NULL;02;1 ;2019-02-22;KO;NESSUNA AGGREGAZIONE;PFU01;21054;1;1999-09-08;Netto: 4878048.00 4878048.00 Provv: 170701.00 0.00
UNI;4009;TUTTO IL PORTAFOGLIO;NULL;02;1 ;2019-02-22;KO;NESSUNA AGGREGAZIONE;PFU01;21055;1;1999-09-08;Netto: 4878048.00 4878048.00 Provv: 170701.00 0.00
UNI;4009;TUTTO IL PORTAFOGLIO;NULL;02;1 ;2019-02-22;KO;NESSUNA AGGREGAZIONE;PFU01;21056;1;1999-09-09;Netto: 4878048.00 4878048.00 Provv: 170701.00 0.00
UNI;4009;TUTTO IL PORTAFOGLIO;NULL;02;1 ;2019-02-22;KO;NESSUNA AGGREGAZIONE;PFU01;22005;1;1999-07-30;Netto: 19512195.00 19512195.00 Provv: 536555.00 0.00
UNI;4009;TUTTO IL PORTAFOGLIO;NULL;02;1 ;2019-02-22;KO;NESSUNA AGGREGAZIONE;PFU01;22008;1;1999-08-02;Netto: 24390243.00 24390243.00 Provv: 658506.00 0.00
UNI;4009;TUTTO IL PORTAFOGLIO;NULL;02;1 ;2019-02-22;KO;NESSUNA AGGREGAZIONE;PFU01;23022;1;1999-08-05;Netto: 9756097.00 9756097.00 Provv: 292652.00 0.00
UNI;4009;TUTTO IL PORTAFOGLIO;NULL;02;1 ;2019-02-22;KO;NESSUNA AGGREGAZIONE;PFU01;23036;1;1999-09-10;Netto: 4878048.00 4878048.00 Provv: 170701.00 0.00
UNI;4009;TUTTO IL PORTAFOGLIO;NULL;02;1 ;2019-02-22;KO;NESSUNA AGGREGAZIONE;PFU01;23045;1;1999-09-21;Netto: 19512195.00 19512195.00 Provv: 536555.00 0.00
UNI;4009;TUTTO IL PORTAFOGLIO;NULL;02;1 ;2019-02-22;KO;NESSUNA AGGREGAZIONE;PFU01;24008;1;1999-07-23;Netto: 4878048.00 4878048.00 Provv: 170701.00 0.00
UNI;4009;TUTTO IL PORTAFOGLIO;NULL;02;1 ;2019-02-22;KO;NESSUNA AGGREGAZIONE;PFU01;24032;1;1999-07-29;Netto: 4878048.00 4878048.00 Provv: 170701.00 0.00
UNI;4009;TUTTO IL PORTAFOGLIO;NULL;02;1 ;2019-02-22;KO;NESSUNA AGGREGAZIONE;PFU01;1600300001;1;1999-09-27;Netto: 4878048.00 4878048.00 Provv: 120701.00 0.00
UNI;4009;TUTTO IL PORTAFOGLIO;NULL;02;1 ;2019-02-22;KO;NESSUNA AGGREGAZIONE;PFU01;1600300002;1;1999-09-27;Netto: 4878048.00 4878048.00 Provv: 120701.00 0.00
UNI;4009;TUTTO IL PORTAFOGLIO;NULL;02;1 ;2019-02-22;KO;NESSUNA AGGREGAZIONE;PFU01;1600300004;1;1999-09-27;Netto: 9756097.00 9756097.00 Provv: 242652.00 0.00
UNI;4009;TUTTO IL PORTAFOGLIO;NULL;02;1 ;2019-02-22;KO;NESSUNA AGGREGAZIONE;PFU01;1600300005;1;1999-09-27;Netto: 4878048.00 4878048.00 Provv: 120701.00 0.00
UNI;4009;TUTTO IL PORTAFOGLIO;NULL;02;1 ;2019-02-22;KO;NESSUNA AGGREGAZIONE;PFU02;100200022;1;1999-12-27;Netto: 39024390.00 39024390.00 Provv: 1024360.00 0.00
UNI;4009;TUTTO IL PORTAFOGLIO;NULL;02;1 ;2019-02-22;KO;NESSUNA AGGREGAZIONE;PFU02;100200025;1;1999-12-28;Netto: 9756097.00 9756097.00 Provv: 292652.00 0.00
UNI;4009;TUTTO IL PORTAFOGLIO;NULL;02;1 ;2019-02-22;KO;NESSUNA AGGREGAZIONE;PFU02;100200029;1;1999-12-30;Netto: 4878048.00 4878048.00 Provv: 170701.00 0.00
UNI;4009;TUTTO IL PORTAFOGLIO;NULL;02;1 ;2019-02-22;KO;NESSUNA AGGREGAZIONE;PFU02;105200011;1;2000-03-09;Netto: 39024390.00 39024390.00 Provv: 1024360.00 0.00
UNI;4009;TUTTO IL PORTAFOGLIO;NULL;02;1 ;2019-02-22;KO;NESSUNA AGGREGAZIONE;PFU02;111100002;1;2000-01-05;Netto: 9756097.00 9756097.00 Provv: 292652.00 0.00
UNI;4009;TUTTO IL PORTAFOGLIO;NULL;02;1 ;2019-02-22;KO;NESSUNA AGGREGAZIONE;PFU02;117400027;1;1999-12-31;Netto: 4878048.00 4878048.00 Provv: 170701.00 0.00
UNI;4009;TUTTO IL PORTAFOGLIO;NULL;02;1 ;2019-02-22;KO;NESSUNA AGGREGAZIONE;PFU02;120800006;1;2000-02-02;Netto: 5258536.00 5258536.00 Provv: 180213.00 0.00
UNI;4009;TUTTO IL PORTAFOGLIO;NULL;02;1 ;2019-02-22;KO;NESSUNA AGGREGAZIONE;PFU02;120800011;1;2000-03-24;Netto: 8780487.00 8780487.00 Provv: 268262.00 0.00
UNI;4009;TUTTO IL PORTAFOGLIO;NULL;02;1 ;2019-02-22;KO;NESSUNA AGGREGAZIONE;PFU02;120800012;1;2000-03-25;Netto: 10467317.00 10467317.00 Provv: 310433.00 0.00
UNI;4009;TUTTO IL PORTAFOGLIO;NULL;02;1 ;2019-02-22;KO;NESSUNA AGGREGAZIONE;PFU02;123100016;1;2000-01-22;Netto: 9756097.00 9756097.00 Provv: 292652.00 0.00
UNI;4009;TUTTO IL PORTAFOGLIO;NULL;02;1 ;2019-02-22;KO;NESSUNA AGGREGAZIONE;PFU02;125500010;1;2000-03-21;Netto: 14634146.00 14634146.00 Provv: 414604.00 0.00
UNI;4009;TUTTO IL PORTAFOGLIO;NULL;02;1 ;2019-02-22;KO;NESSUNA AGGREGAZIONE;PFU02;202900008;1;1999-12-01;Netto: 48780487.00 48780487.00 Provv: 1268262.00 0.00
UNI;4009;TUTTO IL PORTAFOGLIO;NULL;02;1 ;2019-02-22;KO;NESSUNA AGGREGAZIONE;PFU02;202900016;1;1999-12-27;Netto: 19512195.00 19512195.00 Provv: 536555.00 0.00
UNI;4009;TUTTO IL PORTAFOGLIO;NULL;02;1 ;2019-02-22;KO;NESSUNA AGGREGAZIONE;PFU02;202900018;1;1999-12-29;Netto: 29268292.00 29268292.00 Provv: 780457.00 0.00
UNI;4009;TUTTO IL PORTAFOGLIO;NULL;02;1 ;2019-02-22;KO;NESSUNA AGGREGAZIONE;PFU02;203400001;1;1999-11-30;Netto: 22536585.00 22536585.00 Provv: 612165.00 0.00
UNI;4009;TUTTO IL PORTAFOGLIO;NULL;02;1 ;2019-02-22;KO;NESSUNA AGGREGAZIONE;PFU02;203400004;1;1999-12-20;Netto: 14634146.00 14634146.00 Provv: 414604.00 0.00
UNI;4009;TUTTO IL PORTAFOGLIO;NULL;02;1 ;2019-02-22;KO;NESSUNA AGGREGAZIONE;PFU02;203400015;1;2000-01-15;Netto: 4878048.00 4878048.00 Provv: 170701.00 0.00
UNI;4009;TUTTO IL PORTAFOGLIO;NULL;02;1 ;2019-02-22;KO;NESSUNA AGGREGAZIONE;PFU02;203400016;1;2000-01-15;Netto: 9756097.00 9756097.00 Provv: 292652.00 0.00
UNI;4009;TUTTO IL PORTAFOGLIO;NULL;02;1 ;2019-02-22;KO;NESSUNA AGGREGAZIONE;PFU02;206600020;1;2000-01-11;Netto: 24146341.00 24146341.00 Provv: 652409.00 0.00
UNI;4009;TUTTO IL PORTAFOGLIO;NULL;02;1 ;2019-02-22;KO;NESSUNA AGGREGAZIONE;PFU02;206700013;1;2000-03-24;Netto: 5258536.00 5258536.00 Provv: 180213.00 0.00
UNI;4009;TUTTO IL PORTAFOGLIO;NULL;02;1 ;2019-02-22;KO;NESSUNA AGGREGAZIONE;PFU02;211300087;1;2000-08-30;Netto: 19512195.00 19512195.00 Provv: 536555.00 0.00
UNI;4009;TUTTO IL PORTAFOGLIO;NULL;02;1 ;2019-02-22;KO;NESSUNA AGGREGAZIONE;PFU02;212800003;1;2000-01-22;Netto: 4878048.00 4878048.00 Provv: 170701.00 0.00
UNI;4009;TUTTO IL PORTAFOGLIO;NULL;02;1 ;2019-02-22;KO;NESSUNA AGGREGAZIONE;PFU02;213000010;1;1999-11-22;Netto: 5258536.00 5258536.00 Provv: 180213.00 0.00
UNI;4009;TUTTO IL PORTAFOGLIO;NULL;02;1 ;2019-02-22;KO;NESSUNA AGGREGAZIONE;PFU02;300100009;1;2000-01-15;Netto: 29268292.00 29268292.00 Provv: 780457.00 0.00
UNI;4009;TUTTO IL PORTAFOGLIO;NULL;02;1 ;2019-02-22;KO;NESSUNA AGGREGAZIONE;PFU02;315700028;1;2000-01-28;Netto: 4878048.00 4878048.00 Provv: 170701.00 0.00
UNI;4009;TUTTO IL PORTAFOGLIO;NULL;02;1 ;2019-02-22;KO;NESSUNA AGGREGAZIONE;PFU02;315700035;1;2000-03-08;Netto: 9756097.00 9756097.00 Provv: 292652.00 0.00
UNI;4009;TUTTO IL PORTAFOGLIO;NULL;02;1 ;2019-02-22;KO;NESSUNA AGGREGAZIONE;PFU02;316300022;1;1999-12-27;Netto: 4878048.00 4878048.00 Provv: 170701.00 0.00
UNI;4009;TUTTO IL PORTAFOGLIO;NULL;02;1 ;2019-02-22;KO;NESSUNA AGGREGAZIONE;PFU02;316300026;1;1999-12-28;Netto: 18780487.00 18780487.00 Provv: 518262.00 0.00
UNI;4009;TUTTO IL PORTAFOGLIO;NULL;02;1 ;2019-02-22;KO;NESSUNA AGGREGAZIONE;PFU02;316300027;1;1999-12-28;Netto: 18780487.00 18780487.00 Provv: 518262.00 0.00
UNI;4009;TUTTO IL PORTAFOGLIO;NULL;02;1 ;2019-02-22;KO;NESSUNA AGGREGAZIONE;PFU02;316300030;1;1999-12-30;Netto: 107317073.00 107317073.00 Provv: 2731677.00 0.00
UNI;4009;TUTTO IL PORTAFOGLIO;NULL;02;1 ;2019-02-22;KO;NESSUNA AGGREGAZIONE;PFU02;400400005;1;1999-12-27;Netto: 9756097.00 9756097.00 Provv: 292652.00 0.00
UNI;4009;TUTTO IL PORTAFOGLIO;NULL;02;1 ;2019-02-22;KO;NESSUNA AGGREGAZIONE;PFU02;404200001;1;1999-12-29;Netto: 10467317.00 10467317.00 Provv: 310433.00 0.00
UNI;4009;TUTTO IL PORTAFOGLIO;NULL;02;1 ;2019-02-22;KO;NESSUNA AGGREGAZIONE;PFU02;408900001;1;1999-11-30;Netto: 5258536.00 5258536.00 Provv: 180213.00 0.00
UNI;4009;TUTTO IL PORTAFOGLIO;NULL;02;1 ;2019-02-22;KO;NESSUNA AGGREGAZIONE;PFU02;408900022;1;1999-12-29;Netto: 4878048.00 4878048.00 Provv: 170701.00 0.00
UNI;4009;TUTTO IL PORTAFOGLIO;NULL;02;1 ;2019-02-22;KO;NESSUNA AGGREGAZIONE;PFU02;408900026;1;2000-01-07;Netto: 6707317.00 6707317.00 Provv: 216433.00 0.00
UNI;4009;TUTTO IL PORTAFOGLIO;NULL;02;1 ;2019-02-22;KO;NESSUNA AGGREGAZIONE;PFU02;408900029;1;2000-01-12;Netto: 9756097.00 9756097.00 Provv: 292652.00 0.00
UNI;4009;TUTTO IL PORTAFOGLIO;NULL;02;1 ;2019-02-22;KO;NESSUNA AGGREGAZIONE;PFU02;408900031;1;2000-01-15;Netto: 10731707.00 10731707.00 Provv: 317043.00 0.00
UNI;4009;TUTTO IL PORTAFOGLIO;NULL;02;1 ;2019-02-22;KO;NESSUNA AGGREGAZIONE;PFU02;412200004;1;1999-12-02;Netto: 4878048.00 4878048.00 Provv: 170701.00 0.00
UNI;4009;TUTTO IL PORTAFOGLIO;NULL;02;1 ;2019-02-22;KO;NESSUNA AGGREGAZIONE;PFU02;412200005;1;1999-12-02;Netto: 4878048.00 4878048.00 Provv: 170701.00 0.00
UNI;4009;TUTTO IL PORTAFOGLIO;NULL;02;1 ;2019-02-22;KO;NESSUNA AGGREGAZIONE;PFU02;412200020;1;1999-12-27;Netto: 5258536.00 5258536.00 Provv: 180213.00 0.00
UNI;4009;TUTTO IL PORTAFOGLIO;NULL;02;1 ;2019-02-22;KO;NESSUNA AGGREGAZIONE;PFU02;600100003;1;1999-10-22;Netto: 4878048.00 4878048.00 Provv: 170701.00 0.00
UNI;4009;TUTTO IL PORTAFOGLIO;NULL;02;1 ;2019-02-22;KO;NESSUNA AGGREGAZIONE;PFU02;600100021;1;2000-04-10;Netto: 97560975.00 97560975.00 Provv: 2487774.00 0.00
UNI;4009;TUTTO IL PORTAFOGLIO;NULL;02;1 ;2019-02-22;KO;NESSUNA AGGREGAZIONE;PFU02;600800004;1;1999-10-15;Netto: 29268292.00 29268292.00 Provv: 780457.00 0.00
UNI;4009;TUTTO IL PORTAFOGLIO;NULL;02;1 ;2019-02-22;KO;NESSUNA AGGREGAZIONE;PFU02;600800015;1;1999-11-23;Netto: 6829268.00 6829268.00 Provv: 219482.00 0.00
UNI;4009;TUTTO IL PORTAFOGLIO;NULL;02;1 ;2019-02-22;KO;NESSUNA AGGREGAZIONE;PFU02;600800025;1;1999-12-27;Netto: 9756097.00 9756097.00 Provv: 292652.00 0.00
UNI;4009;TUTTO IL PORTAFOGLIO;NULL;02;1 ;2019-02-22;KO;NESSUNA AGGREGAZIONE;PFU02;603000001;1;1999-10-09;Netto: 53658536.00 53658536.00 Provv: 1390213.00 0.00
UNI;4009;TUTTO IL PORTAFOGLIO;NULL;02;1 ;2019-02-22;KO;NESSUNA AGGREGAZIONE;PFU02;605300004;1;2000-05-12;Netto: 19512195.00 19512195.00 Provv: 536555.00 0.00
UNI;4009;TUTTO IL PORTAFOGLIO;NULL;02;1 ;2019-02-22;KO;NESSUNA AGGREGAZIONE;PFU02;605700008;1;1999-10-20;Netto: 5365853.00 5365853.00 Provv: 182896.00 0.00
UNI;4009;TUTTO IL PORTAFOGLIO;NULL;02;1 ;2019-02-22;KO;NESSUNA AGGREGAZIONE;PFU02;605700010;1;1999-10-23;Netto: 4878048.00 4878048.00 Provv: 170701.00 0.00
UNI;4009;TUTTO IL PORTAFOGLIO;NULL;02;1 ;2019-02-22;KO;NESSUNA AGGREGAZIONE;PFU02;606600001;1;1999-10-21;Netto: 10467317.00 10467317.00 Provv: 310433.00 0.00
UNI;4009;TUTTO IL PORTAFOGLIO;NULL;02;1 ;2019-02-22;KO;NESSUNA AGGREGAZIONE;PFU02;606600010;1;2000-01-05;Netto: 10467317.00 10467317.00 Provv: 310433.00 0.00
UNI;4009;TUTTO IL PORTAFOGLIO;NULL;02;1 ;2019-02-22;KO;NESSUNA AGGREGAZIONE;PFU02;610200002;1;1999-10-11;Netto: 14634146.00 14634146.00 Provv: 414604.00 0.00
UNI;4009;TUTTO IL PORTAFOGLIO;NULL;02;1 ;2019-02-22;KO;NESSUNA AGGREGAZIONE;PFU02;610200008;1;1999-10-14;Netto: 4878048.00 4878048.00 Provv: 170701.00 0.00
UNI;4009;TUTTO IL PORTAFOGLIO;NULL;02;1 ;2019-02-22;KO;NESSUNA AGGREGAZIONE;PFU02;610200014;1;1999-10-26;Netto: 9756097.00 9756097.00 Provv: 292652.00 0.00
UNI;4009;TUTTO IL PORTAFOGLIO;NULL;02;1 ;2019-02-22;KO;NESSUNA AGGREGAZIONE;PFU02;610200015;1;1999-10-29;Netto: 9756097.00 9756097.00 Provv: 292652.00 0.00
UNI;4009;TUTTO IL PORTAFOGLIO;NULL;02;1 ;2019-02-22;KO;NESSUNA AGGREGAZIONE;PFU02;610200024;1;1999-12-24;Netto: 5365853.00 5365853.00 Provv: 182896.00 0.00
UNI;4009;TUTTO IL PORTAFOGLIO;NULL;02;1 ;2019-02-22;KO;NESSUNA AGGREGAZIONE;PFU02;610900046;1;2000-04-13;Netto: 5258536.00 5258536.00 Provv: 180213.00 0.00
UNI;4009;TUTTO IL PORTAFOGLIO;NULL;02;1 ;2019-02-22;KO;NESSUNA AGGREGAZIONE;PFU02;615900002;1;2000-02-26;Netto: 9756097.00 9756097.00 Provv: 292652.00 0.00
UNI;4009;TUTTO IL PORTAFOGLIO;NULL;02;1 ;2019-02-22;KO;NESSUNA AGGREGAZIONE;PFU02;702400004;1;1999-11-27;Netto: 4878048.00 4878048.00 Provv: 170701.00 0.00
UNI;4009;TUTTO IL PORTAFOGLIO;NULL;02;1 ;2019-02-22;KO;NESSUNA AGGREGAZIONE;PFU02;703000001;1;1999-12-09;Netto: 31300487.00 31300487.00 Provv: 831262.00 0.00
UNI;4009;TUTTO IL PORTAFOGLIO;NULL;02;1 ;2019-02-22;KO;NESSUNA AGGREGAZIONE;PFU02;703000004;1;1999-12-13;Netto: 5258536.00 5258536.00 Provv: 180213.00 0.00
UNI;4009;TUTTO IL PORTAFOGLIO;NULL;02;1 ;2019-02-22;KO;NESSUNA AGGREGAZIONE;PFU02;703000006;1;1999-12-16;Netto: 6300487.00 6300487.00 Provv: 206262.00 0.00
UNI;4009;TUTTO IL PORTAFOGLIO;NULL;02;1 ;2019-02-22;KO;NESSUNA AGGREGAZIONE;PFU02;703000007;1;1999-12-21;Netto: 4878048.00 4878048.00 Provv: 170701.00 0.00
UNI;4009;TUTTO IL PORTAFOGLIO;NULL;02;1 ;2019-02-22;KO;NESSUNA AGGREGAZIONE;PFU02;703000047;1;2000-03-22;Netto: 10467317.00 10467317.00 Provv: 310433.00 0.00
UNI;4009;TUTTO IL PORTAFOGLIO;NULL;02;1 ;2019-02-22;KO;NESSUNA AGGREGAZIONE;PFU02;703000051;1;2000-04-15;Netto: 8390243.00 8390243.00 Provv: 258506.00 0.00
UNI;4009;TUTTO IL PORTAFOGLIO;NULL;02;1 ;2019-02-22;KO;NESSUNA AGGREGAZIONE;PFU02;703000053;1;2000-04-27;Netto: 9756097.00 9756097.00 Provv: 292652.00 0.00
UNI;4009;TUTTO IL PORTAFOGLIO;NULL;02;1 ;2019-02-22;KO;NESSUNA AGGREGAZIONE;PFU02;703000055;1;2000-05-05;Netto: 9756097.00 9756097.00 Provv: 292652.00 0.00
UNI;4009;TUTTO IL PORTAFOGLIO;NULL;02;1 ;2019-02-22;KO;NESSUNA AGGREGAZIONE;PFU02;703300001;1;1999-12-06;Netto: 14634146.00 14634146.00 Provv: 414604.00 0.00
UNI;4009;TUTTO IL PORTAFOGLIO;NULL;02;1 ;2019-02-22;KO;NESSUNA AGGREGAZIONE;PFU02;703300004;1;1999-12-13;Netto: 36509268.00 36509268.00 Provv: 961482.00 0.00
UNI;4009;TUTTO IL PORTAFOGLIO;NULL;02;1 ;2019-02-22;KO;NESSUNA AGGREGAZIONE;PFU02;703300014;1;2000-01-12;Netto: 5258536.00 5258536.00 Provv: 180213.00 0.00
UNI;4009;TUTTO IL PORTAFOGLIO;NULL;02;1 ;2019-02-22;KO;NESSUNA AGGREGAZIONE;PFU02;703300028;1;2000-02-11;Netto: 10467317.00 10467317.00 Provv: 310433.00 0.00
UNI;4009;TUTTO IL PORTAFOGLIO;NULL;02;1 ;2019-02-22;KO;NESSUNA AGGREGAZIONE;PFU02;703300029;1;2000-02-12;Netto: 34146341.00 34146341.00 Provv: 902409.00 0.00
UNI;4009;TUTTO IL PORTAFOGLIO;NULL;02;1 ;2019-02-22;KO;NESSUNA AGGREGAZIONE;PFU02;703300051;1;2000-03-24;Netto: 9756097.00 9756097.00 Provv: 292652.00 0.00
UNI;4009;TUTTO IL PORTAFOGLIO;NULL;02;1 ;2019-02-22;KO;NESSUNA AGGREGAZIONE;PFU02;703400001;1;2000-06-20;Netto: 4878048.00 4878048.00 Provv: 170701.00 0.00
UNI;4009;TUTTO IL PORTAFOGLIO;NULL;02;1 ;2019-02-22;KO;NESSUNA AGGREGAZIONE;PFU02;703500001;1;2000-02-28;Netto: 14585365.00 14585365.00 Provv: 413384.00 0.00
UNI;4009;TUTTO IL PORTAFOGLIO;NULL;02;1 ;2019-02-22;KO;NESSUNA AGGREGAZIONE;PFU02;703500029;1;2000-04-14;Netto: 28292682.00 28292682.00 Provv: 756067.00 0.00
UNI;4009;TUTTO IL PORTAFOGLIO;NULL;02;1 ;2019-02-22;KO;NESSUNA AGGREGAZIONE;PFU02;705200008;1;2000-01-19;Netto: 5853658.00 5853658.00 Provv: 195091.00 0.00
UNI;4009;TUTTO IL PORTAFOGLIO;NULL;02;1 ;2019-02-22;KO;NESSUNA AGGREGAZIONE;PFU02;707000003;1;2000-03-02;Netto: 4878048.00 4878048.00 Provv: 170701.00 0.00
UNI;4009;TUTTO IL PORTAFOGLIO;NULL;02;1 ;2019-02-22;KO;NESSUNA AGGREGAZIONE;PFU02;710200036;1;2000-06-21;Netto: 5258536.00 5258536.00 Provv: 180213.00 0.00
UNI;4009;TUTTO IL PORTAFOGLIO;NULL;02;1 ;2019-02-22;KO;NESSUNA AGGREGAZIONE;PFU02;710800011;1;2000-03-29;Netto: 12682926.00 12682926.00 Provv: 365823.00 0.00
UNI;4009;TUTTO IL PORTAFOGLIO;NULL;02;1 ;2019-02-22;KO;NESSUNA AGGREGAZIONE;PFU02;710800019;1;2000-05-12;Netto: 10467317.00 10467317.00 Provv: 310433.00 0.00
UNI;4009;TUTTO IL PORTAFOGLIO;NULL;02;1 ;2019-02-22;KO;NESSUNA AGGREGAZIONE;PFU02;710800054;1;2000-08-24;Netto: 10467317.00 10467317.00 Provv: 310433.00 0.00
UNI;4009;TUTTO IL PORTAFOGLIO;NULL;02;1 ;2019-02-22;KO;NESSUNA AGGREGAZIONE;PFU02;800500003;1;1999-12-15;Netto: 5258536.00 5258536.00 Provv: 180213.00 0.00
UNI;4009;TUTTO IL PORTAFOGLIO;NULL;02;1 ;2019-02-22;KO;NESSUNA AGGREGAZIONE;PFU02;810800023;1;2000-01-12;Netto: 9756097.00 9756097.00 Provv: 292652.00 0.00
UNI;4009;TUTTO IL PORTAFOGLIO;NULL;02;1 ;2019-02-22;KO;NESSUNA AGGREGAZIONE;PFU02;900100011;1;1999-10-21;Netto: 9756097.00 9756097.00 Provv: 292652.00 0.00
UNI;4009;TUTTO IL PORTAFOGLIO;NULL;02;1 ;2019-02-22;KO;NESSUNA AGGREGAZIONE;PFU02;901000010;1;2000-07-26;Netto: 4878048.00 4878048.00 Provv: 170701.00 0.00
UNI;4009;TUTTO IL PORTAFOGLIO;NULL;02;1 ;2019-02-22;KO;NESSUNA AGGREGAZIONE;PFU02;902300001;1;1999-10-22;Netto: 4878048.00 4878048.00 Provv: 170701.00 0.00
UNI;4009;TUTTO IL PORTAFOGLIO;NULL;02;1 ;2019-02-22;KO;NESSUNA AGGREGAZIONE;PFU02;902300002;1;1999-10-22;Netto: 4878048.00 4878048.00 Provv: 170701.00 0.00
UNI;4009;TUTTO IL PORTAFOGLIO;NULL;02;1 ;2019-02-22;KO;NESSUNA AGGREGAZIONE;PFU02;906900001;1;2000-05-27;Netto: 9756097.00 9756097.00 Provv: 292652.00 0.00
UNI;4009;TUTTO IL PORTAFOGLIO;NULL;02;1 ;2019-02-22;KO;NESSUNA AGGREGAZIONE;PFU02;907300001;1;1999-10-12;Netto: 24390243.00 24390243.00 Provv: 658506.00 0.00
UNI;4009;TUTTO IL PORTAFOGLIO;NULL;02;1 ;2019-02-22;KO;NESSUNA AGGREGAZIONE;PFU02;907300002;1;1999-10-12;Netto: 24390243.00 24390243.00 Provv: 658506.00 0.00
UNI;4009;TUTTO IL PORTAFOGLIO;NULL;02;1 ;2019-02-22;KO;NESSUNA AGGREGAZIONE;PFU02;1004500013;1;1999-12-22;Netto: 156097560.00 156097560.00 Provv: 3951189.00 0.00
UNI;4009;TUTTO IL PORTAFOGLIO;NULL;02;1 ;2019-02-22;KO;NESSUNA AGGREGAZIONE;PFU02;1004500050;1;2000-03-02;Netto: 24390243.00 24390243.00 Provv: 658506.00 0.00
UNI;4009;TUTTO IL PORTAFOGLIO;NULL;02;1 ;2019-02-22;KO;NESSUNA AGGREGAZIONE;PFU02;1004500067;1;2000-04-27;Netto: 5258536.00 5258536.00 Provv: 180213.00 0.00
UNI;4009;TUTTO IL PORTAFOGLIO;NULL;02;1 ;2019-02-22;KO;NESSUNA AGGREGAZIONE;PFU02;1004500119;1;2000-08-16;Netto: 4878048.00 4878048.00 Provv: 170701.00 0.00
UNI;4009;TUTTO IL PORTAFOGLIO;NULL;02;1 ;2019-02-22;KO;NESSUNA AGGREGAZIONE;PFU02;1007000033;1;1999-12-16;Netto: 5258536.00 5258536.00 Provv: 180213.00 0.00
UNI;4009;TUTTO IL PORTAFOGLIO;NULL;02;1 ;2019-02-22;KO;NESSUNA AGGREGAZIONE;PFU02;1007000047;1;1999-12-21;Netto: 4878048.00 4878048.00 Provv: 170701.00 0.00
UNI;4009;TUTTO IL PORTAFOGLIO;NULL;02;1 ;2019-02-22;KO;NESSUNA AGGREGAZIONE;PFU02;1007000051;1;1999-12-28;Netto: 4878048.00 4878048.00 Provv: 170701.00 0.00
UNI;4009;TUTTO IL PORTAFOGLIO;NULL;02;1 ;2019-02-22;KO;NESSUNA AGGREGAZIONE;PFU02;1007000073;1;2000-01-15;Netto: 19512195.00 19512195.00 Provv: 536555.00 0.00
UNI;4009;TUTTO IL PORTAFOGLIO;NULL;02;1 ;2019-02-22;KO;NESSUNA AGGREGAZIONE;PFU02;1007000074;1;2000-01-15;Netto: 9756097.00 9756097.00 Provv: 292652.00 0.00
UNI;4009;TUTTO IL PORTAFOGLIO;NULL;02;1 ;2019-02-22;KO;NESSUNA AGGREGAZIONE;PFU02;1007000075;1;2000-01-15;Netto: 9756097.00 9756097.00 Provv: 292652.00 0.00
UNI;4009;TUTTO IL PORTAFOGLIO;NULL;02;1 ;2019-02-22;KO;NESSUNA AGGREGAZIONE;PFU02;1007000076;1;2000-01-15;Netto: 9756097.00 9756097.00 Provv: 292652.00 0.00
UNI;4009;TUTTO IL PORTAFOGLIO;NULL;02;1 ;2019-02-22;KO;NESSUNA AGGREGAZIONE;PFU02;1007000077;1;2000-01-17;Netto: 7804878.00 7804878.00 Provv: 243872.00 0.00
UNI;4009;TUTTO IL PORTAFOGLIO;NULL;02;1 ;2019-02-22;KO;NESSUNA AGGREGAZIONE;PFU02;1007000097;1;2000-02-01;Netto: 18536585.00 18536585.00 Provv: 512165.00 0.00
UNI;4009;TUTTO IL PORTAFOGLIO;NULL;02;1 ;2019-02-22;KO;NESSUNA AGGREGAZIONE;PFU02;1007000114;1;2000-03-21;Netto: 9756097.00 9756097.00 Provv: 292652.00 0.00
UNI;4009;TUTTO IL PORTAFOGLIO;NULL;02;1 ;2019-02-22;KO;NESSUNA AGGREGAZIONE;PFU02;1007200005;1;2000-01-18;Netto: 14634146.00 14634146.00 Provv: 414604.00 0.00
UNI;4009;TUTTO IL PORTAFOGLIO;NULL;02;1 ;2019-02-22;KO;NESSUNA AGGREGAZIONE;PFU02;1007200006;1;2000-01-27;Netto: 5258536.00 5258536.00 Provv: 180213.00 0.00
UNI;4009;TUTTO IL PORTAFOGLIO;NULL;02;1 ;2019-02-22;KO;NESSUNA AGGREGAZIONE;PFU02;1009600007;1;2000-01-04;Netto: 24390243.00 24390243.00 Provv: 658506.00 0.00
UNI;4009;TUTTO IL PORTAFOGLIO;NULL;02;1 ;2019-02-22;KO;NESSUNA AGGREGAZIONE;PFU02;1014600001;1;1999-11-04;Netto: 9756097.00 9756097.00 Provv: 292652.00 0.00
UNI;4009;TUTTO IL PORTAFOGLIO;NULL;02;1 ;2019-02-22;KO;NESSUNA AGGREGAZIONE;PFU02;1014600004;1;1999-11-17;Netto: 12682926.00 12682926.00 Provv: 365823.00 0.00
UNI;4009;TUTTO IL PORTAFOGLIO;NULL;02;1 ;2019-02-22;KO;NESSUNA AGGREGAZIONE;PFU02;1014600006;1;1999-12-16;Netto: 9756097.00 9756097.00 Provv: 292652.00 0.00
UNI;4009;TUTTO IL PORTAFOGLIO;NULL;02;1 ;2019-02-22;KO;NESSUNA AGGREGAZIONE;PFU02;1014600012;1;2000-02-23;Netto: 9756097.00 9756097.00 Provv: 292652.00 0.00
UNI;4009;TUTTO IL PORTAFOGLIO;NULL;02;1 ;2019-02-22;KO;NESSUNA AGGREGAZIONE;PFU02;1017800001;1;1999-12-10;Netto: 8780487.00 8780487.00 Provv: 268262.00 0.00
UNI;4009;TUTTO IL PORTAFOGLIO;NULL;02;1 ;2019-02-22;KO;NESSUNA AGGREGAZIONE;PFU02;1017800002;1;1999-12-29;Netto: 4878048.00 4878048.00 Provv: 170701.00 0.00
UNI;4009;TUTTO IL PORTAFOGLIO;NULL;02;1 ;2019-02-22;KO;NESSUNA AGGREGAZIONE;PFU02;1022600010;1;2000-02-08;Netto: 5258536.00 5258536.00 Provv: 180213.00 0.00
UNI;4009;TUTTO IL PORTAFOGLIO;NULL;02;1 ;2019-02-22;KO;NESSUNA AGGREGAZIONE;PFU02;1024100002;1;1999-12-13;Netto: 5258536.00 5258536.00 Provv: 180213.00 0.00
UNI;4009;TUTTO IL PORTAFOGLIO;NULL;02;1 ;2019-02-22;KO;NESSUNA AGGREGAZIONE;PFU02;1107300008;1;2000-03-31;Netto: 39024390.00 39024390.00 Provv: 1024360.00 0.00
UNI;4009;TUTTO IL PORTAFOGLIO;NULL;02;1 ;2019-02-22;KO;NESSUNA AGGREGAZIONE;PFU02;1120000001;1;2000-02-25;Netto: 5258536.00 5258536.00 Provv: 180213.00 0.00
UNI;4009;TUTTO IL PORTAFOGLIO;NULL;02;1 ;2019-02-22;KO;NESSUNA AGGREGAZIONE;PFU02;1200100008;1;2000-05-05;Netto: 9756097.00 9756097.00 Provv: 292652.00 0.00
UNI;4009;TUTTO IL PORTAFOGLIO;NULL;02;1 ;2019-02-22;KO;NESSUNA AGGREGAZIONE;PFU02;1204600002;1;2000-02-11;Netto: 20883902.00 20883902.00 Provv: 570848.00 0.00
UNI;4009;TUTTO IL PORTAFOGLIO;NULL;02;1 ;2019-02-22;KO;NESSUNA AGGREGAZIONE;PFU02;1204600003;1;2000-05-15;Netto: 12550243.00 12550243.00 Provv: 362506.00 0.00
UNI;4009;TUTTO IL PORTAFOGLIO;NULL;02;1 ;2019-02-22;KO;NESSUNA AGGREGAZIONE;PFU02;1223700001;1;1999-11-06;Netto: 9756097.00 9756097.00 Provv: 292652.00 0.00
UNI;4009;TUTTO IL PORTAFOGLIO;NULL;02;1 ;2019-02-22;KO;NESSUNA AGGREGAZIONE;PFU02;1223700005;1;1999-12-07;Netto: 6341463.00 6341463.00 Provv: 207287.00 0.00
UNI;4009;TUTTO IL PORTAFOGLIO;NULL;02;1 ;2019-02-22;KO;NESSUNA AGGREGAZIONE;PFU02;1223700006;1;1999-12-07;Netto: 5258536.00 5258536.00 Provv: 180213.00 0.00
UNI;4009;TUTTO IL PORTAFOGLIO;NULL;02;1 ;2019-02-22;KO;NESSUNA AGGREGAZIONE;PFU02;1223700007;1;1999-12-14;Netto: 9756097.00 9756097.00 Provv: 292652.00 0.00
UNI;4009;TUTTO IL PORTAFOGLIO;NULL;02;1 ;2019-02-22;KO;NESSUNA AGGREGAZIONE;PFU02;1223700010;1;1999-12-15;Netto: 5258536.00 5258536.00 Provv: 180213.00 0.00
UNI;4009;TUTTO IL PORTAFOGLIO;NULL;02;1 ;2019-02-22;KO;NESSUNA AGGREGAZIONE;PFU02;1230400004;1;1999-12-21;Netto: 10467317.00 10467317.00 Provv: 310433.00 0.00
UNI;4009;TUTTO IL PORTAFOGLIO;NULL;02;1 ;2019-02-22;KO;NESSUNA AGGREGAZIONE;PFU02;1230700001;1;2000-02-08;Netto: 4878048.00 4878048.00 Provv: 170701.00 0.00
UNI;4009;TUTTO IL PORTAFOGLIO;NULL;02;1 ;2019-02-22;KO;NESSUNA AGGREGAZIONE;PFU02;1312600008;1;1999-12-18;Netto: 5258536.00 5258536.00 Provv: 180213.00 0.00
UNI;4009;TUTTO IL PORTAFOGLIO;NULL;02;1 ;2019-02-22;KO;NESSUNA AGGREGAZIONE;PFU02;1314000002;1;1999-12-17;Netto: 48780487.00 48780487.00 Provv: 1268262.00 0.00
UNI;4009;TUTTO IL PORTAFOGLIO;NULL;02;1 ;2019-02-22;KO;NESSUNA AGGREGAZIONE;PFU02;1324200010;1;2000-08-01;Netto: 14634146.00 14634146.00 Provv: 414604.00 0.00
UNI;4009;TUTTO IL PORTAFOGLIO;NULL;02;1 ;2019-02-22;KO;NESSUNA AGGREGAZIONE;PFU02;1502000026;1;2000-06-06;Netto: 4878048.00 4878048.00 Provv: 170701.00 0.00
UNI;4009;TUTTO IL PORTAFOGLIO;NULL;02;1 ;2019-02-22;KO;NESSUNA AGGREGAZIONE;PFU02;1507300006;1;2000-05-22;Netto: 20975609.00 20975609.00 Provv: 573140.00 0.00
UNI;4009;TUTTO IL PORTAFOGLIO;NULL;02;1 ;2019-02-22;KO;NESSUNA AGGREGAZIONE;PFU02;1507300012;1;2000-06-15;Netto: 4878048.00 4878048.00 Provv: 170701.00 0.00
UNI;4009;TUTTO IL PORTAFOGLIO;NULL;02;1 ;2019-02-22;KO;NESSUNA AGGREGAZIONE;PFU02;1507300018;1;2000-06-26;Netto: 16097560.00 16097560.00 Provv: 451189.00 0.00
UNI;4009;TUTTO IL PORTAFOGLIO;NULL;02;1 ;2019-02-22;KO;NESSUNA AGGREGAZIONE;PFU02;1512500021;1;2000-08-05;Netto: 5853658.00 5853658.00 Provv: 195091.00 0.00
UNI;4009;TUTTO IL PORTAFOGLIO;NULL;02;1 ;2019-02-22;KO;NESSUNA AGGREGAZIONE;PFU02;1517600001;1;1999-11-25;Netto: 4878048.00 4878048.00 Provv: 170701.00 0.00
UNI;4009;TUTTO IL PORTAFOGLIO;NULL;02;1 ;2019-02-22;KO;NESSUNA AGGREGAZIONE;PFU02;1517600002;1;1999-12-29;Netto: 24390243.00 24390243.00 Provv: 658506.00 0.00
UNI;4009;TUTTO IL PORTAFOGLIO;NULL;02;1 ;2019-02-22;KO;NESSUNA AGGREGAZIONE;PFU02;1600300006;1;1999-10-07;Netto: 97560975.00 97560975.00 Provv: 2487774.00 0.00
UNI;4009;TUTTO IL PORTAFOGLIO;NULL;02;1 ;2019-02-22;KO;NESSUNA AGGREGAZIONE;PFU02;1600300035;1;1999-12-15;Netto: 4878048.00 4878048.00 Provv: 170701.00 0.00
UNI;4009;TUTTO IL PORTAFOGLIO;NULL;02;1 ;2019-02-22;KO;NESSUNA AGGREGAZIONE;PFU02;1601200003;1;1999-10-18;Netto: 29268292.00 29268292.00 Provv: 780457.00 0.00
UNI;4009;TUTTO IL PORTAFOGLIO;NULL;02;1 ;2019-02-22;KO;NESSUNA AGGREGAZIONE;PFU02;1601200006;1;1999-10-28;Netto: 34146341.00 34146341.00 Provv: 902409.00 0.00
UNI;4009;TUTTO IL PORTAFOGLIO;NULL;02;1 ;2019-02-22;KO;NESSUNA AGGREGAZIONE;PFU02;1601200007;1;1999-10-28;Netto: 19512195.00 19512195.00 Provv: 536555.00 0.00
UNI;4009;TUTTO IL PORTAFOGLIO;NULL;02;1 ;2019-02-22;KO;NESSUNA AGGREGAZIONE;PFU02;1601200011;1;1999-11-12;Netto: 80487804.00 80487804.00 Provv: 2060945.00 0.00
UNI;4009;TUTTO IL PORTAFOGLIO;NULL;02;1 ;2019-02-22;KO;NESSUNA AGGREGAZIONE;PFU02;1601200024;1;1999-12-02;Netto: 292682926.00 292682926.00 Provv: 7365823.00 0.00
UNI;4009;TUTTO IL PORTAFOGLIO;NULL;02;1 ;2019-02-22;KO;NESSUNA AGGREGAZIONE;PFU02;1603000002;1;1999-10-14;Netto: 5853658.00 5853658.00 Provv: 195091.00 0.00
UNI;4009;TUTTO IL PORTAFOGLIO;NULL;02;1 ;2019-02-22;KO;NESSUNA AGGREGAZIONE;PFU02;1604700003;1;2000-04-10;Netto: 4878048.00 4878048.00 Provv: 170701.00 0.00
UNI;4009;TUTTO IL PORTAFOGLIO;NULL;02;1 ;2019-02-22;KO;NESSUNA AGGREGAZIONE;PFU02;1607800037;1;1999-10-28;Netto: 4878048.00 4878048.00 Provv: 170701.00 0.00
UNI;4009;TUTTO IL PORTAFOGLIO;NULL;02;1 ;2019-02-22;KO;NESSUNA AGGREGAZIONE;PFU02;1610300018;1;2000-03-21;Netto: 4878048.00 4878048.00 Provv: 170701.00 0.00
UNI;4009;TUTTO IL PORTAFOGLIO;NULL;02;1 ;2019-02-22;KO;NESSUNA AGGREGAZIONE;PFU02;1611600022;1;1999-10-20;Netto: 9756097.00 9756097.00 Provv: 292652.00 0.00
UNI;4009;TUTTO IL PORTAFOGLIO;NULL;02;1 ;2019-02-22;KO;NESSUNA AGGREGAZIONE;PFU02;1611600037;1;1999-11-19;Netto: 13463414.00 13463414.00 Provv: 385335.00 0.00
UNI;4009;TUTTO IL PORTAFOGLIO;NULL;02;1 ;2019-02-22;KO;NESSUNA AGGREGAZIONE;PFU02;1611600040;1;1999-11-25;Netto: 5258536.00 5258536.00 Provv: 180213.00 0.00
UNI;4009;TUTTO IL PORTAFOGLIO;NULL;02;1 ;2019-02-22;KO;NESSUNA AGGREGAZIONE;PFU02;1611600041;1;1999-11-25;Netto: 5258536.00 5258536.00 Provv: 180213.00 0.00
UNI;4009;TUTTO IL PORTAFOGLIO;NULL;02;1 ;2019-02-22;KO;NESSUNA AGGREGAZIONE;PFU02;1611600045;1;1999-12-15;Netto: 5258536.00 5258536.00 Provv: 180213.00 0.00
UNI;4009;TUTTO IL PORTAFOGLIO;NULL;02;1 ;2019-02-22;KO;NESSUNA AGGREGAZIONE;PFU02;1611600046;1;1999-12-15;Netto: 5258536.00 5258536.00 Provv: 180213.00 0.00
UNI;4009;TUTTO IL PORTAFOGLIO;NULL;02;1 ;2019-02-22;KO;NESSUNA AGGREGAZIONE;PFU02;1611600047;1;1999-12-22;Netto: 10731707.00 10731707.00 Provv: 317043.00 0.00
UNI;4009;TUTTO IL PORTAFOGLIO;NULL;02;1 ;2019-02-22;KO;NESSUNA AGGREGAZIONE;PFU02;1611600058;1;2000-01-13;Netto: 15609756.00 15609756.00 Provv: 438994.00 0.00
UNI;4009;TUTTO IL PORTAFOGLIO;NULL;02;1 ;2019-02-22;KO;NESSUNA AGGREGAZIONE;PFU02;1611600059;1;2000-01-13;Netto: 15609756.00 15609756.00 Provv: 438994.00 0.00
UNI;4009;TUTTO IL PORTAFOGLIO;NULL;02;1 ;2019-02-22;KO;NESSUNA AGGREGAZIONE;PFU02;1611600068;1;2000-01-27;Netto: 6302439.00 6302439.00 Provv: 206311.00 0.00
UNI;4009;TUTTO IL PORTAFOGLIO;NULL;02;1 ;2019-02-22;KO;NESSUNA AGGREGAZIONE;PFU02;1611600073;1;2000-02-18;Netto: 9756097.00 9756097.00 Provv: 292652.00 0.00
UNI;4009;TUTTO IL PORTAFOGLIO;NULL;02;1 ;2019-02-22;KO;NESSUNA AGGREGAZIONE;PFU02;1611600085;1;2000-03-30;Netto: 9756097.00 9756097.00 Provv: 292652.00 0.00
UNI;4009;TUTTO IL PORTAFOGLIO;NULL;02;1 ;2019-02-22;KO;NESSUNA AGGREGAZIONE;PFU02;1611600093;1;2000-05-15;Netto: 29268292.00 29268292.00 Provv: 780457.00 0.00
UNI;4009;TUTTO IL PORTAFOGLIO;NULL;02;1 ;2019-02-22;KO;NESSUNA AGGREGAZIONE;PFU02;1613300147;1;2000-01-24;Netto: 9756097.00 9756097.00 Provv: 292652.00 0.00
UNI;4009;TUTTO IL PORTAFOGLIO;NULL;02;1 ;2019-02-22;KO;NESSUNA AGGREGAZIONE;PFU02;1615500008;1;1999-12-10;Netto: 9425365.00 9425365.00 Provv: 284384.00 0.00
UNI;4009;TUTTO IL PORTAFOGLIO;NULL;02;1 ;2019-02-22;KO;NESSUNA AGGREGAZIONE;PFU02;1700200004;1;2000-05-23;Netto: 4878048.00 4878048.00 Provv: 170701.00 0.00
UNI;4009;TUTTO IL PORTAFOGLIO;NULL;02;1 ;2019-02-22;KO;NESSUNA AGGREGAZIONE;PFU02;1702100029;1;2000-08-09;Netto: 48780487.00 48780487.00 Provv: 1268262.00 0.00
UNI;4009;TUTTO IL PORTAFOGLIO;NULL;02;1 ;2019-02-22;KO;NESSUNA AGGREGAZIONE;PFU02;1703800008;1;2000-05-25;Netto: 9756097.00 9756097.00 Provv: 292652.00 0.00
UNI;4009;TUTTO IL PORTAFOGLIO;NULL;02;1 ;2019-02-22;KO;NESSUNA AGGREGAZIONE;PFU02;1716300014;1;2000-07-27;Netto: 4878048.00 4878048.00 Provv: 170701.00 0.00
UNI;4009;TUTTO IL PORTAFOGLIO;NULL;02;1 ;2019-02-22;KO;NESSUNA AGGREGAZIONE;PFU02;1810200004;1;1999-12-09;Netto: 20883902.00 20883902.00 Provv: 570848.00 0.00
UNI;4009;TUTTO IL PORTAFOGLIO;NULL;02;1 ;2019-02-22;KO;NESSUNA AGGREGAZIONE;PFU02;1812600005;1;2000-01-20;Netto: 9756097.00 9756097.00 Provv: 292652.00 0.00
UNI;4009;TUTTO IL PORTAFOGLIO;NULL;02;1 ;2019-02-22;KO;NESSUNA AGGREGAZIONE;PFU02;1900100002;1;1999-11-26;Netto: 9756097.00 9756097.00 Provv: 292652.00 0.00
UNI;4009;TUTTO IL PORTAFOGLIO;NULL;02;1 ;2019-02-22;KO;NESSUNA AGGREGAZIONE;PFU02;1906200018;1;2000-08-03;Netto: 13414634.00 13414634.00 Provv: 384116.00 0.00
UNI;4009;TUTTO IL PORTAFOGLIO;NULL;02;1 ;2019-02-22;KO;NESSUNA AGGREGAZIONE;PFU02;2003800007;1;1999-12-11;Netto: 14634146.00 14634146.00 Provv: 414604.00 0.00
UNI;4009;TUTTO IL PORTAFOGLIO;NULL;02;1 ;2019-02-22;KO;NESSUNA AGGREGAZIONE;PFU02;2007800011;1;2000-09-12;Netto: 12439024.00 12439024.00 Provv: 359726.00 0.00
UNI;4009;TUTTO IL PORTAFOGLIO;NULL;02;1 ;2019-02-22;KO;NESSUNA AGGREGAZIONE;PFU02;2100100004;1;1999-12-09;Netto: 5258536.00 5258536.00 Provv: 180213.00 0.00
UNI;4009;TUTTO IL PORTAFOGLIO;NULL;02;1 ;2019-02-22;KO;NESSUNA AGGREGAZIONE;PFU02;2124200009;1;2000-01-26;Netto: 4878048.00 4878048.00 Provv: 170701.00 0.00
UNI;4009;TUTTO IL PORTAFOGLIO;NULL;02;1 ;2019-02-22;KO;NESSUNA AGGREGAZIONE;PFU02;2206800001;1;2000-06-08;Netto: 4878048.00 4878048.00 Provv: 170701.00 0.00
UNI;4009;TUTTO IL PORTAFOGLIO;NULL;02;1 ;2019-02-22;KO;NESSUNA AGGREGAZIONE;PFU02;2304800001;1;2000-03-15;Netto: 4878048.00 4878048.00 Provv: 170701.00 0.00
UNI;4009;TUTTO IL PORTAFOGLIO;NULL;02;1 ;2019-02-22;KO;NESSUNA AGGREGAZIONE;PFU02;2328400001;1;1999-11-27;Netto: 4878048.00 4878048.00 Provv: 170701.00 0.00
UNI;4009;TUTTO IL PORTAFOGLIO;NULL;02;1 ;2019-02-22;KO;NESSUNA AGGREGAZIONE;PFU02;2411900003;1;1999-12-02;Netto: 5258536.00 5258536.00 Provv: 180213.00 0.00
UNI;4009;TUTTO IL PORTAFOGLIO;NULL;02;1 ;2019-02-22;KO;NESSUNA AGGREGAZIONE;PFU02;2501400011;1;2000-01-18;Netto: 4878048.00 4878048.00 Provv: 170701.00 0.00
UNI;4009;TUTTO IL PORTAFOGLIO;NULL;02;1 ;2019-02-22;KO;NESSUNA AGGREGAZIONE;PFU02;2506000025;1;2000-01-15;Netto: 47804878.00 47804878.00 Provv: 1243872.00 0.00
UNI;4009;TUTTO IL PORTAFOGLIO;NULL;02;1 ;2019-02-22;KO;NESSUNA AGGREGAZIONE;PFU02;2506500007;1;2000-01-10;Netto: 13658536.00 13658536.00 Provv: 390213.00 0.00
UNI;4009;TUTTO IL PORTAFOGLIO;NULL;02;1 ;2019-02-22;KO;NESSUNA AGGREGAZIONE;PFU02;2506500008;1;2000-01-10;Netto: 13658536.00 13658536.00 Provv: 390213.00 0.00
UNI;4009;TUTTO IL PORTAFOGLIO;NULL;02;1 ;2019-02-22;KO;NESSUNA AGGREGAZIONE;PFU02;2506500021;1;2000-03-06;Netto: 48780487.00 48780487.00 Provv: 1268262.00 0.00
UNI;4009;TUTTO IL PORTAFOGLIO;NULL;02;1 ;2019-02-22;KO;NESSUNA AGGREGAZIONE;PFU02;2508900020;1;2000-01-04;Netto: 19512195.00 19512195.00 Provv: 536555.00 0.00
UNI;4009;TUTTO IL PORTAFOGLIO;NULL;02;1 ;2019-02-22;KO;NESSUNA AGGREGAZIONE;PFU02;2508900023;1;2000-01-25;Netto: 10731707.00 10731707.00 Provv: 317043.00 0.00
UNI;4009;TUTTO IL PORTAFOGLIO;NULL;02;1 ;2019-02-22;KO;NESSUNA AGGREGAZIONE;PFU02;2509000002;1;1999-11-20;Netto: 19512195.00 19512195.00 Provv: 536555.00 0.00
UNI;4009;TUTTO IL PORTAFOGLIO;NULL;02;1 ;2019-02-22;KO;NESSUNA AGGREGAZIONE;PFU02;2509000008;1;1999-12-07;Netto: 4878048.00 4878048.00 Provv: 170701.00 0.00
UNI;4009;TUTTO IL PORTAFOGLIO;NULL;02;1 ;2019-02-22;KO;NESSUNA AGGREGAZIONE;PFU02;2509000012;1;2000-01-08;Netto: 9756097.00 9756097.00 Provv: 292652.00 0.00
UNI;4009;TUTTO IL PORTAFOGLIO;NULL;02;1 ;2019-02-22;KO;NESSUNA AGGREGAZIONE;PFU02;2509000014;1;2000-01-26;Netto: 9756097.00 9756097.00 Provv: 292652.00 0.00
UNI;4009;TUTTO IL PORTAFOGLIO;NULL;02;1 ;2019-02-22;KO;NESSUNA AGGREGAZIONE;PFU02;2515300001;1;2000-03-28;Netto: 43902439.00 43902439.00 Provv: 1146311.00 0.00
UNI;4009;TUTTO IL PORTAFOGLIO;NULL;02;1 ;2019-02-22;KO;NESSUNA AGGREGAZIONE;PFU02;2519700001;1;1999-10-09;Netto: 4878239.00 4878239.00 Provv: 170706.00 0.00
UNI;4009;TUTTO IL PORTAFOGLIO;NULL;02;1 ;2019-02-22;KO;NESSUNA AGGREGAZIONE;PFU02;2519700002;1;1999-10-18;Netto: 4878048.00 4878048.00 Provv: 170701.00 0.00
UNI;4009;TUTTO IL PORTAFOGLIO;NULL;02;1 ;2019-02-22;KO;NESSUNA AGGREGAZIONE;PFU02;2519700011;1;1999-10-29;Netto: 14634146.00 14634146.00 Provv: 414604.00 0.00
UNI;4009;TUTTO IL PORTAFOGLIO;NULL;02;1 ;2019-02-22;KO;NESSUNA AGGREGAZIONE;PFU02;2519700012;1;1999-11-03;Netto: 14634146.00 14634146.00 Provv: 414604.00 0.00
UNI;4009;TUTTO IL PORTAFOGLIO;NULL;02;1 ;2019-02-22;KO;NESSUNA AGGREGAZIONE;PFU02;2519700018;1;1999-12-21;Netto: 9756097.00 9756097.00 Provv: 292652.00 0.00
UNI;4009;TUTTO IL PORTAFOGLIO;NULL;02;1 ;2019-02-22;KO;NESSUNA AGGREGAZIONE;PFU02;2519700022;1;2000-01-03;Netto: 14634146.00 14634146.00 Provv: 414604.00 0.00
UNI;4009;TUTTO IL PORTAFOGLIO;NULL;02;1 ;2019-02-22;KO;NESSUNA AGGREGAZIONE;PFU02;2600100006;1;2000-02-09;Netto: 14634146.00 14634146.00 Provv: 414604.00 0.00
UNI;4009;TUTTO IL PORTAFOGLIO;NULL;02;1 ;2019-02-22;KO;NESSUNA AGGREGAZIONE;PFU02;2600100013;1;2000-05-15;Netto: 4878048.00 4878048.00 Provv: 170701.00 0.00
UNI;4009;TUTTO IL PORTAFOGLIO;NULL;02;1 ;2019-02-22;KO;NESSUNA AGGREGAZIONE;PFU02;2604200003;1;2000-04-07;Netto: 5258536.00 5258536.00 Provv: 180213.00 0.00
UNI;4009;TUTTO IL PORTAFOGLIO;NULL;02;1 ;2019-02-22;KO;NESSUNA AGGREGAZIONE;PFU02;2704600005;1;2000-03-03;Netto: 9756097.00 9756097.00 Provv: 292652.00 0.00
UNI;4009;TUTTO IL PORTAFOGLIO;NULL;02;1 ;2019-02-22;KO;NESSUNA AGGREGAZIONE;PFU02;2718400009;1;2000-01-13;Netto: 5258536.00 5258536.00 Provv: 180213.00 0.00
UNI;4009;TUTTO IL PORTAFOGLIO;NULL;02;1 ;2019-02-22;KO;NESSUNA AGGREGAZIONE;PFU02;2819700009;1;1999-12-30;Netto: 4878048.00 4878048.00 Provv: 170701.00 0.00
UNI;4009;TUTTO IL PORTAFOGLIO;NULL;02;1 ;2019-02-22;KO;NESSUNA AGGREGAZIONE;PFU02;2824200002;1;2000-01-05;Netto: 4878048.00 4878048.00 Provv: 170701.00 0.00
UNI;4009;TUTTO IL PORTAFOGLIO;NULL;02;1 ;2019-02-22;KO;NESSUNA AGGREGAZIONE;PFU02;2833400001;1;1999-12-13;Netto: 4878048.00 4878048.00 Provv: 170701.00 0.00
UNI;4009;TUTTO IL PORTAFOGLIO;NULL;02;1 ;2019-02-22;KO;NESSUNA AGGREGAZIONE;PFU02;2838200003;1;2000-02-12;Netto: 4878048.00 4878048.00 Provv: 170701.00 0.00
UNI;4009;TUTTO IL PORTAFOGLIO;NULL;02;1 ;2019-02-22;KO;NESSUNA AGGREGAZIONE;PFU02;2840500005;1;2000-04-14;Netto: 4878048.00 4878048.00 Provv: 170701.00 0.00
UNI;4009;TUTTO IL PORTAFOGLIO;NULL;02;1 ;2019-02-22;KO;NESSUNA AGGREGAZIONE;PFU02;3000100007;1;1999-12-21;Netto: 20883902.00 20883902.00 Provv: 570848.00 0.00
UNI;4009;TUTTO IL PORTAFOGLIO;NULL;02;1 ;2019-02-22;KO;NESSUNA AGGREGAZIONE;PFU02;3004800002;1;1999-10-26;Netto: 4878048.00 4878048.00 Provv: 170701.00 0.00
UNI;4009;TUTTO IL PORTAFOGLIO;NULL;02;1 ;2019-02-22;KO;NESSUNA AGGREGAZIONE;PFU02;3006200001;1;1999-10-08;Netto: 5258536.00 5258536.00 Provv: 180213.00 0.00
UNI;4009;TUTTO IL PORTAFOGLIO;NULL;02;1 ;2019-02-22;KO;NESSUNA AGGREGAZIONE;PFU02;3011800028;1;2000-04-04;Netto: 6302439.00 6302439.00 Provv: 206311.00 0.00
UNI;4009;TUTTO IL PORTAFOGLIO;NULL;02;1 ;2019-02-22;KO;NESSUNA AGGREGAZIONE;PFU02;3108700006;1;2000-04-28;Netto: 20883902.00 20883902.00 Provv: 570848.00 0.00
UNI;4009;TUTTO IL PORTAFOGLIO;NULL;02;1 ;2019-02-22;KO;NESSUNA AGGREGAZIONE;PFU02;3112300003;1;1999-12-28;Netto: 39024390.00 39024390.00 Provv: 1024360.00 0.00
UNI;4009;TUTTO IL PORTAFOGLIO;NULL;02;1 ;2019-02-22;KO;NESSUNA AGGREGAZIONE;PFU02;3112300013;1;2000-02-16;Netto: 4878048.00 4878048.00 Provv: 170701.00 0.00
UNI;4009;TUTTO IL PORTAFOGLIO;NULL;02;1 ;2019-02-22;KO;NESSUNA AGGREGAZIONE;PFU02;3112300024;1;2000-04-10;Netto: 9756097.00 9756097.00 Provv: 292652.00 0.00
UNI;4009;TUTTO IL PORTAFOGLIO;NULL;02;1 ;2019-02-22;KO;NESSUNA AGGREGAZIONE;PFU02;3112300025;1;2000-04-10;Netto: 9756097.00 9756097.00 Provv: 292652.00 0.00
UNI;4009;TUTTO IL PORTAFOGLIO;NULL;02;1 ;2019-02-22;KO;NESSUNA AGGREGAZIONE;PFU02;3112300026;1;2000-04-10;Netto: 9756097.00 9756097.00 Provv: 292652.00 0.00
